20272
8307
296
5564
22360
27177
27068
17950
22039
21373
15687
23594
9265
29112
7487
3977
1659
29415
18891
219
14306
4051
7136
23375
21679
23091
27305
13425
2826
15137
24621
7748
13500
13771
300
8081
15929
17003
27721
1662
32477
21881
5231
18786
26230
26398
31341
27096
9219
3821
10723
3603
10683
1998
32098
17521
12881
12346
28111
9554
11127
23214
28936
18218
10657
601
11210
14549
18699
14360
31443
30251
8189
23461
5955
2773
9806
29964
23112
22367
13863
16990
25594
11405
2569
19880
10628
12531
23569
7974
11909
17600
2683
24501
28086
22491
25958
32647
13516
26161
2518
13594
30624
3661
28159
26731
24205
30249
705
24167
5145
29251
3695
14498
5592
8948
9428
7499
3214
31741
24696
7008
28564
27235
16671
7966
30589
3198
21395
2748
9208
12364
1699
18264
22776
3083
20844
25138
22291
25862
3799
2584
4904
6319
12899
289
12613
15342
14885
22174
9928
17593
525
32078
18372
29157
23658
4561
17318
25915
5040
25951
21784
9167
14713
8378
10533
28813
26315
4961
16798
13589
20889
775
22205
27849
23436
3907
31753
17955
32259
32137
3193
28237
14168
345
8668
15083
23909
21686
7032
9787
31046
13530
30706
20833
4193
5928
1646
252
32420
10850
13046
18429
17934
30748
29216
21689
30577
14961
4075
5181
6262
14836
26091
8161
10977
18409
15526
10528
14614
10422
23613
22438
3036
660
4175
19883
28002
9354
8986
18048
7552
14748
5091
871
23358
15424
3224
31400
10138
15889
23221
31969
9606
22471
28516
17566
15153
21863
10984
9257
22663
29367
30523
17828
1787
15349
30198
12628
9860
26312
17778
3648
31717
14199
8493
20731
29746
18009
24943
19646
16784
14733
7725
23225
13628
18154
31021
2987
31439
4665
21355
6065
6336
15266
29116
91
23082
12901
21681
6405
1487
8139
18366
26981
1630
32347
27547
7776
26609
12624
16363
32034
20186
12363
28700
3181
19359
6982
26510
26673
12355
19145
28919
29534
19143
12384
25861
23542
10481
6988
11334
9574
18764
13689
6214
11542
23920
19632
22519
23871
387
15374
2901
509
3328
2485
14921
29861
24759
3265
13006
4440
22038
12158
4692
10968
13222
8664
32353
28827
19160
4114
20606
31518
8962
12731
14673
29308
21925
17630
7943
831
32753
18810
15093
5494
28043
4401
14974
31240
24717
30532
26423
583
6863
21695
6729
13768
3173
1265
32535
6771
19304
3615
26913
17110
14586
17018
16680
5822
30596
27981
19860
2570
5698
24699
23058
13750
5634
30248
641
1854
11048
23224
9487
31271
24822
13045
16287
4054
522
29333
15471
31141
27176
30428
29175
10549
9530
14747
23060
15110
32661
12390
17509
28484
27518
11259
2037
9444
24557
19460
30747
2800
5265
23299
8351
31775
16147
9866
3358
14505
13727
10155
8112
29273
6817
4015
15047
24292
30156
3338
16987
17529
24161
23695
14404
13465
6830
31457
30695
26921
22741
2602
21780
30662
25806
16399
8751
20312
32687
28643
24974
13290
15403
1306
9763
11449
1113
513
26459
6282
11447
22189
19525
23617
14447
9264
12791
24496
13017
16405
28974
19629
16960
3075
10036
17511
22505
30146
1543
32506
8529
13161
28599
2368
7863
4044
24848
5354
730
23355
28537
3792
16388
21612
24092
28550
26183
7605
3655
31280
14087
4734
20242
23959
4537
4343
20547
27516
7657
3078
15470
23084
22146
31108
15969
17492
23114
28840
30143
23319
9644
3267
7914
32350
6586
26670
29222
12143
29810
17281
32252
4546
7744
11526
221
28175
28869
15469
1544
27564
23255
14018
18862
29718
1481
11932
10323
29902
24556
29846
7543
29542
12373
27651
5495
10203
6113
6109
5805
4389
9079
29695
1502
14349
21389
28308
2517
5183
15598
5584
21068
18336
9914
19934
17933
9185
18863
8985
23638
11861
5285
3197
9601
5631
6751
12897
18148
20464
3202
3424
28151
19920
26590
29078
32436
698
13813
23057
324
10829
1979
2181
4823
1535
3482
19777
24020
1205
28857
2915
23858
2193
20862
19784
28453
16139
3922
32071
31486
16196
15780
5791
11852
25238
27184
25261
5448
2928
6273
5731
4720
20065
5812
25589
31089
12658
3968
21717
20810
30137
32115
32738
431
7979
25470
28637
28587
11954
28340
19996
19850
17024
25935
9602
8694
4258
1780
20910
19040
28632
16952
28275
31906
25252
25442
23432
3042
22689
8306
10369
29881
6678
9827
31998
29844
4555
2990
20771
12379
26907
19471
2632
11857
10827
12683
20465
10044
23834
20146
11520
29381
20888
28194
20777
4897
3389
6987
1703
9201
3635
10363
12333
12391
22771
22034
25376
13483
1048
32532
29187
20093
13935
28394
31539
24859
19278
17505
20436
12389
4391
1523
18187
14143
22108
19271
20845
15671
14421
8187
24760
28520
26833
928
30657
157
23929
11014
30382
5306
7611
26298
30565
31576
8917
21198
20037
32176
32304
13272
787
17338
14832
9533
22071
5270
10185
31920
9768
30250
4628
1781
18725
28685
802
491
12070
30115
5840
30665
24594
15242
2651
24488
10802
31797
32374
10050
5350
28631
8090
2553
27542
31619
10398
22811
29932
23441
29575
6500
10816
19779
3233
6596
852
31657
31695
26467
10818
13249
14367
17123
11186
9187
31137
31461
30544
10844
23930
20430
17534
30554
4148
17611
12101
1545
29272
530
8594
12537
27455
11371
23711
26058
24101
21999
13999
15363
30079
27664
24830
29503
14478
18138
18936
7309
7989
15737
28585
29461
6152
25593
13941
10239
13477
22102
6153
9616
28743
13484
16017
3478
17560
13518
24619
30471
199
27903
28316
12005
5851
15355
28483
100
21319
29240
3915
18511
12990
8300
18468
22440
19016
12111
10291
27023
30102
9378
5064
12388
16274
14704
4689
15920
14651
9620
31694
19521
12976
17531
6789
9749
2698
30507
5367
15226
1903
26500
13330
7666
28645
4294
22952
27996
21603
12627
15136
30673
16302
2488
13420
4301
16739
3302
18235
25487
1743
26053
6767
17602
30215
30187
3537
18268
32565
12712
13827
6343
6193
32069
21687
26687
5713
28560
8479
23931
23169
7570
29860
25231
918
21407
12251
17681
6879
24471
27573
29306
28413
20586
19190
21456
4341
20184
32744
3201
10116
29563
23120
8340
3251
15880
29089
17915
27050
4562
16240
25931
17609
23439
15912
3471
13812
17503
24575
24440
13616
5642
29224
13243
14189
13449
16458
180
3490
20681
3122
17231
14878
14507
11717
28456
12317
26703
28472
10737
12698
16530
31107
22037
16228
1749
25874
12442
20340
4609
17086
1612
15742
18631
12541
17432
10694
21805
20821
26294
14901
12614
12823
3467
29100
28992
73
13517
4504
28325
5604
23272
14791
14554
14400
5408
14970
28396
6860
22392
19643
26251
31234
29651
9456
17495
25242
5210
5041
26971
30974
13597
10455
22999
21759
24829
3285
323
17862
13769
1100
30608
4621
29607
20953
11185
2191
7094
27186
5978
29884
25073
11889
24584
19378
30295
8367
2369
9577
26953
18133
7197
22061
12083
12207
26629
15442
1902
20034
16571
5667
19045
8032
23962
29723
25335
19833
15904
7000
30493
18100
14249
27724
973
31038
4221
8630
28702
10722
19469
31696
23468
6363
3194
11209
11326
26854
11607
4984
7846
31899
31664
11592
24297
15868
12107
12406
27552
1103
2349
17795
18590
3113
15200
24291
17619
13772
32244
2550
22384
32178
30020
19513
22604
25450
19835
24766
6023
12963
12118
27097
6253
25223
29227
27421
29597
32586
12074
8070
9322
20994
6627
32760
17793
15033
16904
3560
204
28864
8820
13913
13975
7495
8557
24843
8178
1067
26150
32751
28758
12047
10120
13021
14987
20142
22578
21385
7368
18031
21439
32180
30749
5691
28999
26527
14094
5771
7976
7877
26497
15045
27654
31945
11226
19912
8464
26798
18276
23749
20869
14406
18931
17490
887
17901
7879
5049
21968
3703
692
14998
18322
27494
9600
13473
1123
15712
31373
10184
23111
6881
31927
10371
15537
22318
27008
6238
30902
30090
14187
21217
32416
23723
19365
7315
25771
24175
13034
2128
1802
26572
24999
18149
26924
27909
16220
5341
15422
26148
325
14999
12017
28580
6201
21148
27261
25454
13778
18992
24806
32263
11470
20519
20605
25607
12469
9722
8363
7117
14524
1818
31722
20337
2538
6788
19220
27386
11385
8854
30176
27345
20607
24353
3241
28278
26062
21951
16242
25458
27416
29799
17960
23693
14423
16958
7718
26944
18539
4784
16639
365
17925
28352
14455
22862
24517
10396
13266
12716
10143
19829
594
30801
388
27021
5883
19647
25917
21138
31129
15650
30618
27690
18692
20356
16076
6864
12962
11072
30223
22749
815
30393
17549
8681
13497
15691
23423
10325
7663
29058
16278
2337
9883
24458
16793
29188
9580
9191
27215
28092
19193
31334
23967
19106
15875
31060
30966
20353
19706
3309
12521
12968
22723
18199
29212
1853
23737
22353
2402
5334
14322
16102
22309
19778
7107
5478
21001
21678
17286
29014
7372
20454
22938
18727
13169
27894
11692
24677
29596
23037
8245
5425
1089
7738
26436
8689
24697
2407
4222
10054
2484
11593
25699
4671
9494
5507
3795
13004
2074
12722
12496
5749
30844
9655
16261
31563
9046
29775
21639
28447
3975
14315
21340
28403
3934
23995
2106
6829
30061
5899
9232
20756
4286
29906
14795
18420
13359
24968
8402
29859
19733
27961
24786
22698
19750
8152
2753
1724
27543
17877
8989
29675
385
27377
373
26908
1417
30546
18731
10421
27328
8914
24439
7329
26313
12957
688
8303
25401
13563
26310
15317
7746
12138
31509
24926
16020
29424
15702
1376
24187
2735
15861
8495
21070
30906
14730
30352
11786
13607
27553
10097
20026
9062
32445
30167
26650
29137
15773
16407
25851
6019
27069
3401
3305
25710
23328
15866
17548
22439
19789
13601
25164
12294
32152
3412
24248
27372
32418
11836
25641
9571
25891
22087
418
4972
12775
27804
1275
405
7447
12116
16447
5321
9913
4583
15954
15468
4219
24548
10967
2728
9389
30694
29008
26369
28300
12995
22407
20271
18374
19206
5934
6702
24378
22688
15042
29071
7423
13528
16821
29969
1960
23182
20427
15477
3782
5783
27589
11149
24239
7302
4413
19607
8574
21398
6609
9417
20827
28641
16771
14125
32765
11222
19039
10671
14188
13796
864
16501
22540
9848
13966
9070
6103
4653
17000
8750
1770
3137
25225
27129
15683
11591
27525
25117
5577
29211
32277
8837
6796
1819
30068
14476
1615
21396
5384
11791
32580
22907
14661
1734
28438
15710
4047
10196
7212
2713
6878
23964
26669
1997
999
29655
22463
12174
377
5090
18325
8540
21605
23902
29352
7893
8225
27892
11716
26920
8814
17781
31815
4813
3641
20267
25126
6516
3519
24938
5936
23611
12277
2664
32663
16931
17703
2383
3500
9413
28383
11921
28906
21313
26376
5756
13878
16760
16979
29198
15717
14203
12762
21002
10238
5442
2052
10315
9538
32417
1192
29529
16234
889
11381
18490
3632
6188
12177
11915
29329
29267
9088
719
16336
7602
5192
21254
30142
23916
12498
27010
28729
11635
5780
31222
12275
30787
109
9424
8309
21712
23760
17608
32611
24764
3877
15031
18689
2766
24684
11184
19958
24992
25380
25923
22096
15000
20075
23589
30153
17688
5222
30967
30024
24057
14307
10080
30123
14134
9532
23391
12228
10214
4736
224
30113
14445
10958
2446
22801
16114
2306
3306
7011
8212
17810
11928
19057
2008
7098
16128
11998
12006
27095
18965
28571
32758
4369
2160
3760
12677
30780
26275
9017
10188
13824
5833
29870
13042
9784
24673
23400
32129
28313
8796
2657
16151
13972
15220
9788
1886
5757
19648
19845
13629
492
2693
30265
28240
12644
3920
17545
10902
20274
25921
16091
10346
27544
14762
786
23733
31787
28377
24847
13153
27258
49
32375
13329
30192
27776
26551
24335
27900
6795
12870
22149
366
27631
5162
10225
15397
29221
5310
18899
21479
31204
15026
8616
27536
24747
23379
9756
31599
26782
28429
29052
27117
32401
3886
22634
5999
9826
236
22740
24958
397
29098
29991
24870
9210
18551
20415
26779
11034
12504
6819
1059
19250
17095
12142
559
18166
27643
25489
18123
1369
32362
27832
28217
14756
2061
27018
729
20933
22499
25237
19021
7913
21560
22409
28121
27727
1575
11428
528
30804
32349
3182
12717
979
30497
4517
4031
27568
22418
19834
21769
178
31791
32255
3240
4497
26780
2265
29686
23376
18083
3643
4527
21452
22137
10260
18514
662
13378
10631
26570
23550
5848
29339
590
21104
27592
11316
2182
4612
29854
66
28911
6736
18787
8760
28288
10881
25698
15296
31374
13226
6964
4524
13805
17755
10483
30000
25944
10358
11729
21839
3346
7230
18382
1172
28622
27057
10437
1794
29901
16664
19881
31821
14662
5596
15118
31307
20746
27803
25323
27557
31336
20347
6046
18130
18766
23742
12336
12615
3506
9111
16859
25318
31024
17212
4809
24000
18421
61
10783
19961
28891
17428
8506
9734
8405
15101
6712
19231
1422
1032
32699
26097
11085
10092
29161
11156
29213
18206
1208
12988
24105
15778
13160
10547
18284
7970
11601
32135
11402
20669
24542
20736
11514
10785
25050
17876
28262
21852
9194
32158
29012
24815
2650
23565
6404
14372
21534
25049
27293
30114
29457
13308
18309
17471
14721
8990
9998
16917
235
18257
4951
6616
11787
1022
28016
18023
13839
2079
15551
13472
2348
7855
3491
14201
1620
25439
9048
588
23621
12171
283
7539
31685
21356
3726
2325
32556
28559
23389
575
11044
646
17954
7735
27821
32476
2694
12301
30820
32080
31401
11378
28420
24377
26565
32717
11053
30033
32270
2700
7268
32402
6108
14264
21339
4982
19467
25037
9075
20846
15265
31176
32128
23181
25268
9345
26571
32132
28804
16955
14174
6605
27371
5242
28284
5160
8448
30229
25709
28490
12526
22923
6786
23763
9513
410
25180
23168
27846
10254
14686
12195
13094
1752
32136
24273
23253
30559
24432
24539
8114
7195
13703
13823
9296
18527
5275
13919
28317
6774
20896
4786
6081
31730
20655
31801
13129
31809
17743
29428
12678
14720
18419
5399
16686
19349
25797
696
29772
25977
1954
10698
11351
8401
26982
3662
4509
10186
25193
25288
6628
12570
17994
1264
25167
616
11499
12971
24710
27860
19644
2873
12049
30670
19005
12464
30981
11818
8382
7593
18659
16758
2153
825
16061
30603
32131
17187
29082
5730
19695
23115
28
16937
18932
20334
5216
406
4416
31249
24358
23676
32044
13751
20018
18588
12097
21847
498
22717
21243
27405
18016
25087
32206
14352
4906
2924
20583
22756
22288
31697
15668
465
4750
6602
6182
24467
1468
4644
21430
28755
30066
6240
3878
26838
19375
5523
23049
31221
5948
14711
20741
2637
11916
8635
30680
14391
31207
2973
29849
14331
10440
17339
4160
25152
22147
18470
8297
1735
25130
20665
15957
22361
32177
12713
28466
32510
14418
19548
8604
14703
2092
639
9315
32463
5935
24403
31375
6038
22332
27463
12449
11469
8583
24012
5916
10370
25922
8549
1604
31346
10612
24061
3879
5387
26158
32126
15832
13974
30945
24223
20738
21170
14346
10750
2717
12285
27153
32110
32251
3606
9072
24978
32520
26567
20504
15787
5839
9597
27663
15790
8512
21500
12128
24218
30768
13138
12589
5383
20385
12809
17957
16899
10052
10401
7710
27163
30012
26942
25849
25269
28197
30621
27341
27045
3669
32076
5954
23295
18529
19995
11322
31017
31971
4302
7095
31541
8059
24596
29945
21870
11540
30653
11494
28721
22377
16935
17839
16638
2503
23033
6577
31183
11028
21524
19865
17065
16656
26055
11724
12656
22747
15170
31494
29696
22712
4686
27200
24698
7952
27963
23512
24537
4794
29209
3564
26321
2169
18987
19974
28881
8646
5528
28158
12646
2256
18275
29
28613
11714
32159
7807
16552
26948
10716
16827
4696
10308
7653
27333
16138
1270
20653
9235
6513
28953
28549
7678
10122
21885
3988
27244
32698
19138
4994
7084
31774
20322
6515
19105
14370
7922
1340
18467
3148
3748
31440
32162
31836
4881
23803
16652
19350
21301
9300
8177
11101
27835
8813
26086
14340
19836
1356
25127
14308
17986
12063
12416
20644
15057
13867
2413
9959
4903
8454
23936
7175
20996
13062
16387
7729
29862
23801
25823
16064
32726
9750
13756
710
24104
8500
17002
8680
29566
16954
4223
10096
2510
10199
3650
10653
31525
11634
11464
2877
15596
22885
25949
31614
12395
31590
11814
10242
23691
3909
8708
21809
29920
14301
24506
20691
20966
26181
25683
29406
16011
326
25790
8332
16110
8466
27324
1457
13415
13106
14588
30796
711
6849
14979
14940
6880
8408
338
3573
3657
18761
6211
20370
4187
24464
11317
2733
2175
20486
20584
15501
6572
8536
25129
14688
17195
8759
20404
26505
32414
8018
17999
17723
32576
13698
3003
27719
30318
5188
1744
2098
359
17516
15206
29323
9295
18198
15731
27003
30331
8417
24435
5278
25576
9560
8205
19473
10252
5809
6899
21965
26066
28090
266
3379
223
24080
23499
10471
7194
27282
8169
4834
24941
7701
21299
1731
30406
15450
18877
27238
17504
32573
15930
5304
28744
13358
18861
30410
13082
19941
32321
23332
27147
15953
10611
12123
2605
11475
379
3046
22767
23722
16866
28205
3555
22446
31604
22755
16837
12608
7002
20118
20152
30081
28039
23172
1490
6339
7763
7089
24027
31549
32613
1590
32594
21762
5079
20188
20913
7732
10133
13545
28147
18292
30214
7737
6738
22175
9199
14738
13141
15283
4244
6962
9738
29207
16928
1962
24463
16893
28998
24814
21977
13855
30761
27052
3502
6578
10361
21213
16884
4761
19679
18331
4141
11225
22940
27442
20033
25677
4205
32121
28031
5531
7088
6499
3807
18278
25805
16849
11401
17093
10704
12458
31900
31220
5715
7214
28968
6218
25508
26247
31101
20074
17443
27554
26791
11967
7659
24892
9529
11811
22709
32064
1610
7390
17146
22097
446
11223
21080
12961
4039
20995
17207
14605
26538
9765
23467
14435
31175
177
21918
30978
19156
31251
13351
19622
5225
6416
2108
20609
20161
17800
26769
5518
1983
21349
8375
8994
11055
14799
23431
1988
8271
19104
19652
27710
24716
32280
7676
23796
27539
9939
8879
15733
15489
8695
6068
6735
9337
22450
29143
19753
11873
8164
32711
9995
28644
24344
25392
5376
27578
28601
9508
29407
26922
11139
27071
102
25807
10551
1803
11400
32404
659
801
11016
2316
13953
15761
2119
7649
31631
18436
12120
23458
5790
12832
5728
12483
2527
19628
1299
22504
12284
10229
10652
26977
6035
20848
28588
9712
13033
5280
19911
24275
12252
17210
31973
7934
3096
18568
20020
31145
14732
3082
4927
8714
26401
26468
19509
12387
16803
13173
4226
14399
16640
12482
26019
5114
21946
20254
30777
2432
2709
6277
27484
11352
28307
17220
12849
8415
23331
12127
10175
9431
27286
21298
22782
291
13010
23387
13617
18637
6217
464
6261
2379
19758
24661
25756
20480
20702
16915
7220
10501
933
14464
13291
31528
8868
30597
3607
25909
16396
15583
21647
117
2961
18118
9408
11380
32539
7628
16892
18440
17342
13833
16919
31630
25324
11125
26671
30840
6121
7573
8645
20997
21888
28250
23069
21327
21493
26694
6077
30346
15162
4048
6221
24970
15715
9226
24236
2950
13666
4737
26433
28701
7652
25188
30348
29590
29858
23273
13825
23660
24002
26861
4887
1546
7054
2011
5276
12499
11885
12750
6731
4965
12565
6906
15008
4383
17660
15432
13035
14817
8976
28991
7588
30482
9385
11564
25342
2536
22716
2938
6078
16099
31057
16227
15950
31387
21815
9930
7693
956
502
1127
9450
11855
27141
9507
1841
19515
2876
29895
4516
1804
31118
17874
25038
1777
31217
20647
30868
2827
18845
11760
23309
22246
25982
20542
13716
6465
26083
16624
13595
12307
17015
9303
2754
28110
4722
18712
19878
17382
7440
18129
12032
30349
20035
28671
13416
15810
25507
6943
27767
30601
26032
1811
20885
20348
16689
24264
20240
32642
5370
8214
7276
3551
2007
27111
25338
11373
15044
30108
25004
7464
11100
16300
807
16368
6806
9102
6682
11659
19372
28378
14286
1002
12124
12203
20735
18349
20306
16967
9451
32489
3556
25090
6824
26919
3584
16735
2234
30897
22371
28025
6885
28938
2828
161
19008
20156
15345
26697
7051
23637
16367
16929
6082
6324
3336
5247
13041
21121
30409
26116
5452
7419
24585
30845
31352
503
13529
11015
6956
5412
16568
18295
21756
19603
13574
16120
1140
17016
29627
6646
17764
17450
29271
7995
3451
21105
18718
30296
21783
30465
17022
18759
16988
4930
32466
10574
2692
3154
74
15142
32117
30797
13097
28253
28569
12492
17969
17401
30186
28331
26458
26718
10316
21264
14540
9330
24096
424
4613
27134
6422
12340
24922
32600
4674
20293
16805
3647
7538
12354
6203
6662
22208
19636
20255
8437
20067
4795
32630
27884
9931
23263
8251
22345
22764
27406
3380
1036
4826
10978
31269
22585
25750
27939
9795
12157
12071
29324
25579
5398
2541
2514
18580
1005
4659
28898
6403
29189
22787
23402
17854
11032
25406
17052
3010
15999
28652
25135
3448
1106
30928
1702
30693
32209
8511
4308
2082
5378
1843
21152
1293
32668
10908
10502
317
18724
24310
30558
31035
18518
31520
26593
8687
966
15212
5481
31575
18887
2547
632
31617
32652
8491
380
26031
27533
15547
29265
8672
32557
19597
30984
10353
25497
24100
4582
22047
19955
12338
9904
15409
24240
9314
2343
16626
4158
892
30414
9317
30954
18345
2548
15669
25602
24850
15340
490
1589
10415
23714
12900
20804
30046
9036
13697
10965
1842
15485
32544
2721
15631
31073
4683
17370
18548
1091
29616
32200
21399
15955
8273
8113
19895
10919
23677
13307
20909
2687
28415
1684
23238
3789
7317
658
15309
17141
30628
4886
3180
5329
22569
2936
179
7672
4083
23198
24314
4672
12048
3499
2021
30593
27781
26081
17605
2716
1858
1473
20518
30140
13140
31087
19621
15324
26461
7774
7683
32138
7745
11816
22648
31466
24867
28862
14922
30461
11664
22978
25502
24611
3065
5424
16525
25055
27239
18245
22906
17371
3946
922
32163
14892
14674
16271
31735
2774
15777
17391
24103
11411
15554
25041
23040
17104
15860
28348
27896
6905
18313
19470
22023
3830
18261
32160
25016
28918
24416
5028
15487
25707
27358
27599
16205
18517
20321
3516
27234
5828
28238
9870
611
23960
19086
26584
940
13452
13958
19898
24551
21619
7752
4173
14813
13248
16907
17473
5005
19532
29913
28357
8827
28244
13191
4263
15947
17601
10218
27837
7566
28333
27720
3459
21724
21026
8973
19973
19491
3109
14015
27136
7742
8691
22068
22852
5834
22410
259
31324
16949
20331
14392
20593
17431
22431
10060
22636
26566
2040
22868
14683
7973
5529
20088
21526
25532
32696
1447
30242
11790
31139
20105
13269
30502
13826
30645
11707
30836
30555
11557
17721
7639
2523
6886
1136
24059
2643
10259
15716
27877
7808
24070
9310
31948
657
20422
27022
299
4067
5572
5621
10261
8463
12747
12163
32199
30501
28467
26748
28291
1083
4953
24095
6812
16162
29260
10890
12494
25720
15305
19929
17105
18660
5226
12942
18477
8347
20250
20789
17232
24618
23244
14152
15582
6768
14444
30032
2376
32745
3350
14413
3232
25395
9351
4695
28844
26314
30672
13959
313
14359
3153
11281
8881
31656
16101
15538
5872
20162
20316
8785
1108
533
16423
14305
29459
29134
24150
12675
13522
7891
1479
8183
27251
27977
30103
17194
7213
11355
18652
28718
6115
19254
26519
3668
2478
24408
996
28563
701
24587
30580
2091
25182
15148
5437
18824
21850
10033
17264
9321
24460
22123
29099
30274
9123
28551
16241
26078
23882
28507
26327
29512
16757
22496
16256
16108
14576
20602
28107
19450
10554
7040
4682
16906
16279
1272
3447
29191
29281
11938
11170
8774
11423
23865
19757
26101
22489
10997
24317
955
14378
17236
14121
12189
20119
3098
10741
7200
13726
24470
27395
9901
11282
15400
3783
9016
16934
3327
16443
2853
23753
28712
32468
4962
818
7621
30901
28122
10940
21658
21796
14859
29939
28621
826
26869
5103
2542
24798
6199
18657
20788
19956
10357
12523
28939
32721
4860
21557
13515
10482
17064
11069
18380
18670
29703
3694
13976
14506
24758
17397
5502
18124
14869
8144
28751
30834
14104
27175
26469
16930
14714
32736
7646
19718
19993
24942
23859
7249
3230
9193
4581
9989
6748
30819
1429
14809
21627
15739
31289
13683
25941
20266
2729
31966
18720
2279
29793
10297
1486
11751
11905
20396
6705
11204
29208
673
26723
27458
6052
16176
8037
9068
28114
32218
26630
25319
28042
9595
22790
17280
28464
31610
30332
31751
17700
25667
16502
17502
24459
2039
5342
16343
23889
12129
26788
25012
11886
27949
7193
15
11113
26452
28314
2278
17947
21723
21871
3437
14262
957
14834
6053
20485
31526
25331
32302
18934
3553
3420
10852
18773
28948
30737
1182
26074
11051
26394
31449
26470
28434
25092
21887
6026
14247
12676
20094
19529
14191
24670
7839
4127
28807
17285
29972
2882
2270
19844
3407
4647
11937
12572
22299
32072
8440
5933
25829
11813
12528
27613
5209
25992
20151
1772
9528
20238
30480
13165
12893
26082
5373
23196
16677
5837
11202
22025
23282
17260
23820
11509
25868
2752
8045
16637
10924
31467
14603
11776
19795
4152
21146
24883
3936
9565
13960
11161
11490
14589
4214
21403
13995
11377
16623
27122
9126
24520
6484
26052
3178
20236
5143
19472
17678
5319
23849
26187
18751
30150
16054
19531
11920
23068
17935
17765
4371
22380
13544
17618
11812
12383
4803
1367
8591
28028
29356
2085
30922
29465
16679
31487
4257
14508
11879
18842
28926
1351
2240
24137
6910
21858
7007
21978
32070
19932
25913
10938
666
24637
15425
7009
28332
1086
12510
20457
32049
10891
17820
768
30522
19655
20258
12801
12994
16080
4196
6237
12419
9541
26393
31297
19474
13638
7280
627
12827
8571
11774
14204
4382
22616
8955
19468
14363
30623
16815
20121
6074
6438
14631
31818
22942
23770
4908
15124
499
21508
630
32547
20294
12746
24860
8058
19610
25850
29519
24031
18872
32516
16968
9713
11718
3142
9087
18332
22555
16779
16414
12463
850
8916
12470
27082
24221
1883
303
23166
20828
7886
12549
6320
7407
23520
945
18238
20680
26631
13670
18406
17604
1150
26622
17507
3515
31886
23604
21208
8278
3339
19219
14706
5664
25889
29614
5449
18656
9297
12562
26760
14375
31158
11384
21454
27941
18573
32704
32467
20672
30196
23579
29774
10216
17394
2312
29976
10788
23992
20352
1674
26225
31014
9590
16427
27213
12689
11642
7311
24334
32708
24253
20858
4473
29508
26938
29509
6032
4313
10801
26499
2219
31305
17624
27364
31691
17255
13134
11865
16426
6220
25552
20344
1047
6373
13871
12323
24064
3501
28033
29028
27601
22972
27159
5532
31869
19969
16304
3549
30681
16844
31724
13971
30896
5263
12548
1899
19734
31972
6327
31340
20725
18643
25480
28267
22254
29518
2086
2207
4963
13054
10028
22928
15822
26178
22282
18741
23640
116
27715
3677
28072
23662
4570
13647
25848
6222
17926
31149
11376
24181
3885
30622
8620
16341
32016
30763
16542
876
19012
23786
28826
3851
12769
28379
10159
19805
19838
5264
22581
13606
3932
13199
23716
21960
11489
16635
21932
3340
3400
17777
11906
18973
4248
22577
15224
472
17106
21886
9936
14403
20335
21579
8146
17245
18697
7948
27
11030
6489
13296
23354
19101
11617
4153
11382
5857
12778
19169
5873
11858
29745
17025
27635
5607
15070
25202
27520
18277
11061
17202
29484
29919
3728
10761
3888
9594
3085
11244
8636
3956
10884
30625
5261
21347
11964
2852
18630
31937
10718
22602
14577
27560
19497
7332
364
3035
20456
28838
17133
32006
4259
21000
4952
4167
8848
11629
28892
16107
32339
11075
27448
32383
5351
17386
30557
5632
24531
24343
8507
22641
16804
636
4052
26776
19096
21409
3989
27135
13725
28950
5862
17217
12670
26316
30976
21889
19029
16831
15102
19771
1861
1753
16183
28735
4202
4370
15052
3322
28944
6877
10621
28408
18979
30400
13250
31911
2277
15169
15125
25181
30184
26121
148
28320
12341
14916
6600
919
26825
24135
10176
16877
29258
31861
1122
20668
30965
27491
23043
26331
30426
8505
22837
31070
14405
30301
225
13151
1148
31564
11413
6909
16047
26057
23838
1956
4907
22841
28506
19856
1235
3660
13640
17036
28361
7648
9569
0
20081
29475
5163
1578
27032
10488
11275
9388
9455
22173
5977
19527
7872
3978
4284
11750
25048
6813
19885
19166
17612
9329
30556
23156
18778
28952
9662
10400
4140
20706
4315
21008
13509
23707
27755
368
9652
15584
8614
4585
19726
198
23383
15079
7451
18371
6195
10527
21840
17099
14185
10450
4989
20664
13178
17739
1352
14833
32587
430
19930
20291
14712
3829
29656
28691
10732
9012
27541
15287
15791
22045
4486
29217
29950
9927
10486
18365
30626
3763
13050
12445
17273
17928
12711
26324
10585
7454
11140
12320
3095
3906
827
9929
5602
29369
30612
2515
22485
27133
24483
22600
1996
31312
30528
15350
20600
27505
20407
1860
26543
21672
14529
19036
24326
31496
13747
17292
25249
25844
21238
12012
23113
18147
28598
14658
8381
11616
20447
6690
17742
2135
2630
6490
2985
31627
10019
909
7661
6250
712
21021
9477
25860
18572
2638
15159
21595
6664
6057
27898
5078
13957
9631
15369
21016
14006
15472
22711
25334
12451
9546
1410
25796
22502
22964
22762
19157
28185
557
20868
28988
6031
18449
28746
7637
26690
32444
19765
4744
15629
26611
23054
5323
13596
6016
18305
3688
24480
14875
16499
11137
29127
17297
28565
6610
6379
18463
824
19767
15626
1311
9061
28014
18294
23784
3622
20765
16845
18927
20007
10775
24876
3378
16258
18139
20895
7126
22230
3422
21981
4110
24217
4874
3891
8513
7857
30213
445
26464
8766
23480
10460
28076
4025
14472
12259
22633
18243
17639
8980
8749
15158
17296
11468
13357
14081
32014
13049
24042
2099
5246
26837
28688
15829
6551
10447
32415
29181
31720
10948
3656
20894
17248
27256
12569
22184
12819
21056
22109
26693
13114
32254
20926
21898
15228
10836
23981
24113
32365
9234
7428
15806
7509
19441
24553
27852
13105
643
12276
3234
25088
4201
26518
12552
17719
24262
22705
31833
28054
5108
18060
16858
18975
26742
14060
8778
8803
18478
24186
22202
1534
5072
11370
7583
21864
5782
14687
32294
18402
1079
7563
21959
4822
4882
29204
25629
5702
1710
443
18677
12953
15975
27838
10405
11165
7265
17405
27295
15563
22721
24412
17989
17101
5405
29545
4607
7741
17456
10815
2187
13232
14803
17322
30869
11507
30505
139
4743
24468
1817
23934
18595
31908
32513
24763
30031
28091
30632
32570
15280
830
4725
23835
22138
22493
24287
27972
18694
3423
13349
13388
9893
18082
21311
12952
25652
734
25876
14787
26608
15913
10477
12611
19340
31552
26410
3658
1153
6785
31796
747
26278
8771
4018
10366
13568
23609
19456
10565
13531
27735
10717
11600
30489
17603
9312
3741
19403
6942
26941
6276
5118
17166
22804
22098
26071
4596
27722
13621
14051
12286
20459
32088
168
31331
20192
26190
4992
23274
23398
19124
2983
14504
19645
16146
7314
26136
9511
4099
9858
12351
29706
27540
19034
29514
10356
14835
28589
22601
26569
26946
28956
8241
15542
12488
25311
8228
12903
3923
10145
21235
12283
2264
18321
9186
10293
26460
15798
22187
29044
784
12162
12485
23013
21952
17067
18405
19447
23918
1334
6598
5903
4666
7125
20774
12414
29573
10866
23568
176
28757
11020
14177
4261
12027
9922
4998
11173
30708
1325
13955
18736
18446
26099
16185
21302
19915
14489
11752
7300
22026
1689
22003
7044
27620
9141
7395
15657
12245
14474
10927
25633
10780
23399
28475
26702
7267
11105
8478
10873
5795
8608
6568
4165
21315
3325
12836
31841
7809
27598
1626
5890
19729
6143
16472
31377
1547
31077
20850
6304
25601
12879
15496
27427
12655
31326
21895
17885
17498
7063
6706
23576
15665
17847
2083
20120
11512
11206
5132
21971
26276
8175
9794
23643
32713
8590
16510
7580
17522
4492
12507
7371
8784
232
30243
2078
20248
19862
14671
23610
11817
396
75
23530
14694
10265
32250
12310
29043
3449
9084
17393
6402
7335
22188
12662
16251
20338
29164
21007
24293
25811
28964
18324
4364
20861
28680
4475
8157
7862
23963
589
29968
11111
2288
10583
11530
879
27447
1187
20737
16700
21241
3876
31840
11675
21660
32571
29038
4559
9258
18768
24875
28642
15447
15071
27259
5432
30401
16801
5255
15210
31088
13053
18526
11089
7594
10183
3557
5726
13283
16422
4069
6711
18701
25559
11144
8822
20763
21139
3820
7375
23233
6345
11019
13152
12411
15511
31975
319
2770
14071
29150
30038
14299
3381
27485
22385
23552
7842
9661
9109
12290
31372
1641
12180
24639
21101
5440
20190
28977
23651
9531
26778
19768
14816
28752
13301
24473
13987
10901
3770
24774
29671
20649
8740
14304
21466
13648
18928
5498
14672
4701
29109
11168
28600
8404
23672
10007
20304
31825
2682
19943
29079
21924
12631
26391
2559
14526
31306
20408
14059
27089
31442
24869
24279
7601
7035
3208
28117
4481
24821
20384
1849
17804
19305
26306
32662
24433
16397
24606
13032
30595
12535
29764
2835
21872
30511
18407
19085
24608
4871
31456
28503
17631
18095
10355
16945
6591
16132
15580
26126
32568
16041
17403
31686
1298
32601
5490
11788
22148
15738
475
14750
29086
8696
25936
17858
28132
32329
17198
8434
5692
3796
20249
13775
23050
14200
1857
19547
22937
28261
17379
27501
4541
18739
24595
28252
27318
24620
24503
8960
11864
31721
14039
984
10601
16678
5652
25228
31819
20174
24695
5781
24282
599
11884
1082
23448
22101
526
4032
17927
3914
4260
20699
28759
10939
17773
6760
25665
17547
24986
10845
9011
26241
23958
5633
12718
30247
28567
18007
29163
13541
23367
6368
4548
1595
28384
30851
4050
28784
20838
709
7123
2904
1579
3390
22095
20843
18837
8013
13180
1821
11041
13322
1374
11368
2216
22652
28978
11435
20194
31245
21517
16567
9000
31034
23232
14118
23165
21646
20734
5871
25040
32723
27588
20535
31612
15232
4845
28522
30225
118
28204
1675
16470
21487
14625
16584
32399
6070
8896
21586
1274
10900
15353
18027
23457
27915
14744
13761
12109
32327
3434
7930
21461
17746
6816
20368
15264
6791
2425
31455
2152
9545
32284
9596
6464
16885
14019
23241
14802
1044
21791
24773
22252
10454
22263
24106
23612
3517
529
9907
8021
32660
18263
8634
31739
30122
24882
32522
1440
3388
12603
11762
29223
22832
8467
19097
8682
23042
2702
30098
26878
12800
27414
18864
32189
27065
26191
25628
12412
22707
23543
12964
20638
1628
5393
31830
25293
5956
19522
22606
3203
6792
5499
1740
22735
19346
26840
24714
14934
7167
21704
20556
28312
6625
7023
2744
9844
1576
16200
30824
6126
12121
17167
1598
23857
25737
8414
20471
17616
5254
15510
22786
30545
27986
21890
18323
5612
4053
15156
22006
13968
11221
18874
28190
24871
6175
28912
9093
29210
15111
19243
32567
1561
22294
1825
21030
21269
4097
10503
453
4749
15321
26358
722
24851
21634
9363
30323
14086
7526
20975
7557
24224
20842
12719
5681
2869
27938
19042
6080
30138
26943
1856
8368
8836
31059
19446
19207
13394
8878
32722
15078
28814
16293
21547
23395
22736
17152
18940
23953
32164
20393
15056
11744
28301
30888
26853
21420
27465
15697
23180
28432
14935
5563
1231
18684
18615
9078
2391
10630
30449
23158
2956
26758
14167
13907
24831
27741
24976
20403
8451
2837
24398
26119
22434
432
5727
12661
24495
30136
13292
4374
10296
13598
15612
26978
26912
10306
2105
18153
2825
10830
1273
6467
18040
15304
29557
6728
15924
17257
29275
13702
6384
20776
1420
1000
24107
6041
31262
12219
6737
3965
19364
21720
3628
31122
28336
12571
28027
12970
9366
14610
28888
3589
15474
25852
16097
10713
25964
18929
28824
29230
30266
21342
13578
17905
19940
12468
22575
29255
12755
19297
12561
30754
19708
22784
15152
20499
13435
24011
24359
8287
5458
13147
11912
6482
28515
26504
5901
27612
452
1970
20721
3670
19508
11300
3226
17305
18918
22483
9083
6241
18822
79
20539
19152
1657
20980
12815
20553
26471
1120
8044
28037
1526
21291
3044
5346
25560
28370
1349
32509
28937
31219
3077
12679
18258
26304
19176
26695
16145
18606
29144
5262
16701
28269
14355
26286
31397
22557
18830
5597
21624
23999
9108
23109
22027
6633
9394
19800
21460
27839
21455
9316
4030
11038
8864
31079
11931
19994
12092
5668
9969
13994
18700
30070
3330
22947
15588
28389
24583
26595
11383
16503
15546
18127
29927
27336
6423
27902
26811
4957
28004
30519
24824
24886
28271
2458
27015
1953
15639
20762
3294
29528
12045
14643
732
19906
5340
10712
18164
19100
8487
25007
22926
29630
21810
16505
12457
26422
5797
5588
7111
15258
21132
18469
7939
32413
20897
26575
2435
479
8654
681
19221
27146
14574
19374
19732
13338
13524
27383
21133
9468
23694
2535
9119
22363
18155
28582
2088
23479
19002
16848
21917
7864
6485
15726
5178
2496
12766
31781
32604
4550
32712
6573
25899
10338
23066
19846
10619
17189
15600
19685
28661
27948
25795
2293
12657
5877
12010
7484
16551
6257
25440
603
519
6491
19399
22779
23269
21448
15277
24836
7129
25854
28174
28943
27237
8329
23578
543
28119
6540
28986
9099
17268
22103
16462
27454
32204
25141
7736
13861
13168
12687
17822
19677
24779
3118
26603
16564
8524
29148
20375
5332
964
11568
30631
1976
32271
2215
15481
4323
17398
23030
2490
26322
1364
22430
10680
8494
22391
27843
6622
19270
19914
32566
2172
31422
1458
23514
24519
16001
10678
15653
547
31229
12258
8195
7069
143
22381
23267
11450
1339
10650
11021
12919
12960
474
11313
3976
32555
24890
28230
6884
4491
4351
7569
30594
18790
22660
28932
6502
16459
19053
21194
7128
22247
27904
30496
19701
8826
16842
21862
4712
20110
28812
14198
2937
18143
6483
21300
5190
15772
4578
8807
3664
25051
4694
27847
4667
23102
5385
14422
28366
22520
28087
5107
6463
22010
23519
28717
29368
22630
7277
31320
1801
16451
16021
11739
10439
1909
16386
4046
3707
30956
13360
18636
21804
14619
31510
4350
3114
12972
19209
8824
11783
15218
4573
9675
10980
1439
29005
19670
26606
12599
23195
4064
22568
4549
3453
16612
4717
31820
32305
26923
2222
12672
26351
9504
17536
14390
2184
29280
19673
15385
24139
9233
6425
17567
18726
29046
13641
22588
30222
21184
31648
24534
930
8230
1868
24184
11018
10040
17519
20809
28711
10864
16743
19393
7398
32521
9555
9237
3060
15637
28625
17390
1688
13770
26125
29033
14812
9246
20728
9275
1774
19347
28886
15146
12998
31058
18939
9671
14601
7039
11990
22105
17966
25285
11054
4119
7391
8753
13485
26010
27298
24901
17562
31633
20409
21578
16106
25527
7749
12009
19066
9218
5298
1271
32406
15901
5968
11663
2495
19225
11582
23650
13738
32608
17550
25938
27788
10986
416
24125
9110
2483
7641
4888
20154
30828
6514
59
16824
24944
17579
18179
8790
30203
25635
20630
20458
1942
29831
4865
25630
5590
20849
11404
12532
25670
17290
18752
24582
11426
14837
1751
5910
16710
13027
19123
17851
13285
6033
15939
128
21630
3924
26000
3348
7308
3592
1046
985
23167
8629
17362
10914
12645
17259
21147
27836
16629
12144
27063
5164
2471
2206
29606
10292
24891
19208
17474
5413
2918
20952
5898
329
19144
29833
18362
29501
32287
32553
31007
11627
7610
2592
7721
25299
11570
29940
6466
10504
30036
2183
26077
19323
6753
1129
84
25596
25210
7050
32748
23678
16469
9236
5945
15899
30262
32403
28329
29016
25883
30802
3418
21417
23606
11536
17455
17976
31904
11220
20260
6626
1355
25363
8413
31874
6969
6174
3207
19315
25067
28089
16856
28496
30750
15882
20343
9470
11440
19382
8068
22509
32743
3654
8815
29081
17623
7631
7180
16985
30488
466
18150
26449
6338
26465
16863
20936
11412
642
31719
21408
8311
7898
4655
21794
15395
9091
21613
6139
26654
3646
25460
11141
24813
10703
7684
30279
10887
932
20455
30910
22534
25783
22329
11614
31649
20918
13320
10708
21214
22114
13853
25998
772
8244
15640
18813
31182
11335
16067
27929
18024
3186
1952
9382
32405
1972
27076
17590
1068
6614
19944
16112
16077
5707
23230
31759
7632
29274
9857
5932
30333
31361
9937
24130
4731
30481
21180
15336
651
1053
11040
28257
2423
8346
7473
12250
13124
14527
29525
13297
27823
12206
18489
7798
11992
11350
12316
22382
4920
11672
3187
24669
25561
10664
15785
3781
31684
15543
10051
20460
3007
10959
14890
23001
5937
14590
31054
28073
15718
8631
11360
3840
8953
10354
13567
21719
3981
4256
14849
14211
5055
31668
7430
32747
19289
29345
28239
15393
4040
7791
21204
23822
11985
29731
4240
24971
31103
22501
13600
12954
16224
31586
2699
5353
2545
31600
20069
21405
11349
240
24336
2133
31566
26873
21345
9313
16742
14387
12396
8027
17262
23935
12695
28376
26925
2018
22260
11135
24138
5017
11726
1845
16283
21131
1922
30903
10365
13289
4752
16466
13466
3856
2546
10731
18894
5549
28334
12357
15977
12581
32677
25981
12190
20276
25525
17622
7218
25044
14847
20924
6008
5725
1152
10241
10367
2041
8426
24945
10634
28969
17323
29817
15295
8390
10576
28753
8997
13849
29201
14877
7881
26688
23460
12173
4415
23761
19798
21130
3409
20928
27226
25162
6898
7811
7777
1418
18549
20595
22635
27162
23548
26229
26588
32156
14642
28635
12242
9098
20285
4741
9398
3190
8942
15436
18448
4758
18747
927
5793
16255
26096
31598
7341
24369
672
32328
9365
17491
20963
13507
13229
8641
12987
23321
18763
7492
2134
2583
5151
32672
14844
1848
4547
9684
28480
24593
19602
6045
23673
21737
11199
26428
13174
22186
2463
15993
3179
7164
1094
15592
23346
4526
15449
2923
17585
10842
30240
18680
26775
20801
20704
13469
29516
1147
2145
14528
3111
23126
29907
15276
29665
30195
15576
22858
26442
12087
28120
27179
6714
29154
28315
31693
24267
6144
23
7713
19653
17279
16518
10817
32090
31523
25788
26246
12052
3736
7096
11203
26123
1509
20601
28618
23642
8200
15891
22831
22229
9438
2561
16463
12789
3653
22718
16783
15123
19581
4238
17642
10719
10709
16033
7845
19976
4483
21084
11621
17724
15827
8943
6501
19796
4484
29483
6400
1742
8302
26520
24180
15231
11112
8898
4843
32133
4971
31699
691
12918
2032
870
24270
24295
29855
19099
14255
17929
29226
8295
5441
12715
15990
14639
20524
30314
32764
29843
4181
2084
22639
13712
5283
12978
2718
194
10249
19151
14237
21766
26561
27483
30495
29257
16085
4806
20263
668
15076
13510
20191
22918
7715
5195
20679
15775
21154
31157
10258
28762
8913
6469
15696
26659
23362
15826
24134
28842
14768
3006
17698
9598
19776
28713
6868
31453
11272
4194
30900
18635
8653
19877
11628
3169
15378
12547
18707
21352
22350
21406
13462
1574
4476
5912
22620
888
17881
16970
5674
17185
30185
22073
6724
29282
17340
12100
18389
16075
24940
18084
17552
17233
6644
10255
26521
19358
22293
28603
3997
25009
18616
25739
9288
22943
4447
644
18137
20406
7152
2433
30224
19664
32443
25640
10569
1242
4023
31516
9962
25530
3599
18547
6658
23636
1246
16237
11050
11753
19255
23644
8369
5027
17769
28902
18933
4718
19329
114
14865
22794
22800
16607
5568
26206
27182
4979
30842
27152
10686
2580
13533
4946
21748
19642
29777
16895
30741
29477
31211
19942
26750
9932
3218
22629
8168
8469
19552
23608
23785
22987
30538
28566
11455
31180
24835
27764
16969
26114
8735
29481
15959
30357
17013
31548
19748
11871
25286
26232
15648
1697
10659
19007
29426
8947
30602
25377
24252
386
9813
26285
22179
31605
22477
10118
31368
10672
6050
16314
1304
444
21632
13649
11785
16135
29816
19744
423
27723
2217
32742
20871
8519
25626
17819
8860
18620
6629
11004
15473
661
9882
25963
15795
30298
18658
22783
23024
10739
19811
17621
9375
12429
20964
2475
3425
17875
17330
16037
29062
10594
7490
2166
26323
20097
10006
26274
9090
13324
16358
27424
10123
30898
28665
4129
2850
32609
19409
8237
5761
14333
27151
25716
1767
24664
28821
3426
9441
20831
31976
2420
4041
11409
27608
15946
25227
32182
17508
22527
5550
9421
18904
8885
17043
7238
31032
8819
11257
28529
30177
23860
12226
30007
10606
2872
1529
8968
6873
8606
28947
3092
16610
27445
17269
24767
21429
9101
24119
587
25031
18519
3368
32485
11265
5345
25618
2487
3360
23564
318
17267
28764
13374
22843
26375
6983
10700
28636
11907
20217
27527
8832
1114
1130
9615
26517
21713
18462
32360
10079
5038
30985
27216
4598
19006
28330
18640
5775
16748
19065
146
24572
7250
30856
3442
31349
30422
9060
13527
1687
23731
7996
21572
7599
11418
4166
32298
19251
15281
20575
22785
16269
19782
22514
29845
8226
12991
11802
2470
6290
10191
9227
22445
4408
16111
24494
5369
12023
29197
31115
9474
54
11134
12780
2302
31527
23353
320
16046
12625
27718
1981
384
23622
11895
8265
8656
10164
2127
6811
26254
23715
1350
24733
11525
20988
5177
2836
15098
17993
2578
10629
30453
1725
15566
16719
31452
1908
19108
18461
13511
20730
24957
7551
2573
26387
6827
18392
12454
3250
16088
30835
12973
2378
1596
6904
20548
21326
10516
29702
13214
17396
21583
4890
11095
14389
22154
7087
24327
17178
6462
10663
12822
21817
14904
21746
18642
32125
22857
6245
25534
10022
28225
8171
1324
30993
15126
16869
5392
14906
11881
10187
30477
24447
18986
27154
18128
9895
25241
9042
11942
25250
18802
16040
3144
23826
14689
1368
22516
28940
5565
12217
451
17175
21106
32075
14646
14973
6206
6186
21266
8132
31008
18343
16750
1138
18702
13876
21003
22554
28390
20096
9954
20117
16807
29668
7427
31632
17889
6654
5534
18246
24426
32667
21851
8334
19282
4314
28143
4121
30234
13456
26098
4340
545
2276
4841
21078
4703
21321
22955
18070
11605
10115
18661
9082
19524
2597
16880
14263
27294
4649
9206
14772
10682
19925
11566
29586
23755
28387
1665
28778
4372
478
11606
3797
26196
13519
12200
7346
19336
28954
28251
24610
29649
19618
22992
12761
6067
5683
23735
3217
22145
290
26916
13791
19477
13356
23525
25643
11972
16298
10772
1528
2450
16094
3304
3693
26273
10410
8143
27407
32240
4973
9411
1738
15426
28708
25297
32315
13915
214
21247
26918
23666
3631
3921
23887
484
8301
14376
3681
3366
16249
17358
12110
25597
32342
27728
30916
26610
21950
12172
30962
5887
4618
5514
4242
9358
22610
12560
16676
7844
1750
3696
12418
29530
29852
1189
1419
27277
21594
7326
573
26583
16024
731
32499
2237
9999
14133
10979
29482
16724
28418
13799
26653
6330
23897
18308
28318
24436
21938
26405
10998
14585
31923
14759
13854
943
31559
14362
2426
26048
26607
17350
21183
8527
23134
15213
17467
29647
23872
30160
13622
1204
12890
17780
9906
10053
7384
27046
90
29650
9698
4285
6585
31755
3952
20383
25515
7854
26976
12935
17937
15972
31942
19205
1480
24550
389
24390
18142
29539
21017
7829
32507
19749
4540
32546
27686
4468
30894
10498
25514
6066
15046
4728
3413
2258
15438
12659
24290
15587
2327
26199
27580
7182
16838
1024
23771
1700
29552
6406
9485
2190
3431
24121
17763
23538
26963
28280
13793
32525
6532
11167
18039
24929
29061
29917
3123
27668
31990
4650
11956
27031
22677
30996
10721
4232
8603
20160
22492
13777
28494
19248
22322
27164
2769
25029
8533
1631
22851
21246
25930
27607
11266
2949
31399
31522
27467
29812
185
1692
20239
6348
32258
17425
6657
17477
5098
408
2795
32592
6838
8632
30788
3157
14771
8912
18948
19009
20410
13749
17846
8252
16332
10142
24782
22206
30244
9023
3387
454
14670
3377
13379
24674
7093
32664
21380
21875
8510
10505
28767
23987
27983
4766
21883
9975
3323
4470
20130
11442
12663
26432
22227
32187
28365
22056
27794
3919
21203
11264
131
16730
26720
2202
12855
30705
31415
25461
20295
28196
11589
5277
18589
9716
15249
25804
4634
6559
30063
26836
8279
4643
19318
11330
30915
18178
32692
28476
2038
11074
20129
31660
12869
3000
9298
21920
21141
25222
12783
19184
7022
995
30567
9761
3665
2075
5474
2185
32074
5846
31608
12212
19142
30620
18080
10759
23469
2969
25578
16035
28578
5279
19314
3213
21421
28009
26508
9483
8965
5926
31813
9553
2596
16438
8972
4956
16415
10286
11948
542
10803
1315
2942
16605
23968
20005
28634
6613
29626
3849
28887
25637
25661
10604
20270
27881
23009
9972
4216
31651
13614
217
14497
30175
12690
164
14236
26135
24753
7734
24406
27092
28668
32526
30183
19222
27780
31428
14354
18678
30992
18649
24549
21386
10863
15282
959
16137
32265
11488
24956
12847
7865
32423
27115
21475
27614
22199
8319
31768
30381
30269
9032
27633
27086
21279
28449
20775
3872
22144
13354
6321
26587
25745
20089
21657
2786
4474
14092
14645
15694
10169
258
30073
31053
25496
14091
27301
22320
2036
11550
1832
3263
12361
6762
18621
30416
991
3982
10715
24856
11880
7436
32332
64
16826
15867
795
21051
25803
23293
9651
22744
29699
31091
17991
25235
30389
27370
31085
21937
3563
4319
3342
12684
16482
2212
21633
14891
18388
21400
32757
532
17278
20386
785
18022
29659
5077
20185
20773
25518
1402
25296
21966
8775
14641
31074
31795
29445
29806
21379
3464
5659
25387
26516
30652
3727
21982
30598
6918
2442
7080
21059
5569
19147
19663
17481
633
17020
6510
31640
23623
12329
28779
25295
32087
30478
4778
14226
27604
1937
26240
24622
26847
527
8043
17535
30199
30427
3583
11795
17546
26501
11299
29576
17345
27991
14719
29499
16541
10532
31790
8483
19526
24647
31160
11258
23712
27357
15428
32157
23326
22366
30729
6840
5595
26448
9476
9627
18151
18765
24818
2159
9694
13389
11638
2701
14272
18475
24219
21806
20732
22368
19837
11073
32205
32269
9034
22681
17610
10819
20582
7248
30651
31098
1007
4711
1701
3941
14179
24749
2354
18922
8859
10976
29228
30317
11268
4637
8548
27725
10500
17258
18364
12465
707
22969
20870
1925
4870
5876
19204
5567
19832
14446
29520
30951
2332
27268
29032
30678
32235
8062
24448
12478
19174
19894
8345
26730
6200
22781
13397
24263
10669
11066
32010
19620
30056
16468
11285
28342
4824
10578
18545
16862
5608
19137
904
21680
10870
23125
20552
21036
1031
24533
28794
10702
30135
15664
27726
30926
18041
501
10300
6305
5493
3554
3335
30399
25300
18136
30245
6566
4262
26109
23098
30506
28694
8209
25096
32731
12007
11559
24946
1006
14622
29562
26311
21795
25339
22941
21622
18976
28462
974
14530
1761
17736
173
22498
11914
27760
10515
7258
25187
7767
14139
24967
12837
1645
22822
19579
24947
342
16957
9988
9892
28823
57
28945
18120
30358
5952
7221
13031
11969
10575
9611
2705
13837
11487
442
10125
6049
30405
3935
5874
29140
6997
899
9052
26454
27335
1159
21629
12459
3298
26417
2006
25052
32725
16894
1728
14448
32355
19125
15792
1433
4419
12867
30904
2220
20423
29380
18769
19923
5053
17373
31063
25864
9362
10577
12117
1335
7614
20435
10243
28620
5211
11291
10509
10324
16406
4149
4373
21618
11084
11037
10493
22558
11887
9872
6750
524
15015
22300
12125
23659
14270
12922
16286
30164
31036
30
28311
13946
3793
30731
7947
5542
29683
17388
16335
17254
25289
5729
21970
6790
20040
19606
26457
28344
18333
19997
11406
2839
21193
7920
10553
29908
28306
22495
5071
17956
21402
30990
11694
13701
11977
19155
28833
7453
23281
16588
13736
5758
23985
4905
14587
32400
11162
584
8010
30159
30609
30860
24650
12467
4467
32358
14958
11379
6145
13491
5106
7139
500
18762
27934
8386
17005
6615
18377
9498
3228
30946
10268
26877
31385
18738
4760
6267
7052
25434
11098
32203
11543
31114
23197
9163
1010
28070
6787
31919
26578
19870
21006
24820
26256
27132
24948
31383
25224
15034
17291
28805
24638
1623
26804
26194
22343
32554
11955
9262
2662
19189
6673
31508
10999
10429
13458
14659
19337
10457
13569
17140
26063
11082
21546
9027
30649
6219
29485
10605
31709
1831
30450
26182
16669
18259
31992
7650
25987
32691
19797
401
30832
22592
11766
17938
2035
25039
31533
27144
7554
12327
10607
16553
28094
23132
5201
5301
16309
21853
16092
30638
20281
23750
26884
4422
11903
24060
7793
788
27415
6521
8834
13453
31218
28260
23952
6958
11997
1125
12152
21245
17188
18359
19283
6963
12136
27519
136
2867
23758
26204
5381
5054
29025
7486
5320
8299
15284
12413
15014
27985
457
7969
22085
25863
14131
13448
21354
6862
24183
29737
18042
13580
6584
30642
8762
23549
11925
29527
31448
165
330
21615
31281
4105
19229
11833
26952
26270
4093
26876
29471
6146
5987
26455
1188
24298
27772
5589
28170
18780
10633
6340
10555
29982
4745
3135
27048
28782
17164
2706
22859
4851
29554
27840
9958
25332
6455
31069
18829
23240
26277
30112
7525
8845
28075
19649
15786
4636
27157
16755
16376
3902
30429
24026
13506
7192
13016
5511
4390
10734
6295
19922
26085
1029
3470
16500
1967
26344
27765
27730
3227
6095
3823
2198
17151
4188
6761
11779
1373
4746
5189
10889
4028
14558
312
13079
14874
22248
5105
26546
15421
15845
12028
24004
24243
14786
15846
9397
15633
23117
10656
30912
32127
23709
27689
6142
8565
18645
1895
28106
21447
6164
25431
2112
22494
30370
22374
3106
32330
30319
25374
6887
17014
17850
23044
24332
30139
15894
1729
12974
7062
24457
2434
5200
23356
3097
30105
24074
10832
5986
29292
29373
5356
32422
25486
21949
18152
23795
23595
24738
14936
28568
24995
2894
12115
16089
16759
31315
20739
16100
32361
18302
11205
32009
6366
14509
22748
11562
13956
22745
791
11114
27967
10117
10456
17962
13623
21039
16223
25659
18001
11328
6989
23371
25802
22799
16997
2724
24861
23619
2704
3608
20259
1109
10790
7474
14463
25462
7529
27322
20025
19095
1362
6229
23977
31430
25488
4742
3223
183
22476
26846
8353
28323
16946
30321
21980
26709
28461
28296
2238
13699
12403
8597
14138
20057
1859
3692
7470
5723
17385
5039
28667
14701
16010
21897
32114
24363
3357
11169
12790
10368
23223
11079
18912
11123
17422
8688
12831
24900
23863
5097
23585
15032
17583
4936
2294
20145
26528
798
20401
22273
23396
6900
25362
28544
28741
15987
23138
19293
24969
32101
415
21682
18091
20445
29912
27225
10730
25267
2780
12293
26632
2100
21263
9357
15690
8470
10907
29318
9161
4530
11473
12050
26338
5997
713
31482
4109
4727
22081
14848
4312
6073
27606
21620
20011
24328
10322
14078
28877
24991
1371
1218
7977
15564
14669
12202
1105
11497
5751
27391
18499
13454
25942
11315
23915
17413
15968
11778
18282
29949
9942
10690
16150
11908
29926
15086
22466
17712
16149
8455
2494
27549
23266
21410
17953
1820
11947
7353
30664
15528
23245
11588
5527
18972
32264
24590
10760
32675
6442
7874
29667
28015
21994
7493
1097
6576
13588
24393
32247
21181
26600
15390
22985
29077
22715
21707
21628
8330
9963
12381
27066
31291
6631
29311
78
5314
20399
24651
11201
19759
10856
10081
9984
26421
16709
6965
27769
21797
22700
23725
3925
15383
9619
8170
14831
2158
24626
1126
30144
9856
27091
13121
8235
13193
2572
14294
12529
15082
1810
18066
13724
21393
7524
26117
9801
12726
6831
11832
30639
200
8179
4673
3676
6567
20193
26645
30529
26899
26248
8862
2417
6757
4912
29196
21798
23164
30086
15986
1028
18171
9466
12425
3747
23986
12647
15575
27462
89
26605
25846
6642
24708
24368
9006
12700
26579
3735
13381
21185
28777
29959
13207
8988
24990
4807
15721
14003
1276
15004
2939
2579
10077
32303
16347
29149
23160
14773
20993
9089
27271
718
21018
15178
23616
32431
30363
25499
1796
25469
10274
376
8026
10489
32635
2631
17818
11361
27131
26328
27887
19348
26646
1955
11894
15225
6701
3666
23756
7579
4009
12415
27561
6421
3141
14271
32740
31414
14257
17119
15267
8284
27477
11374
6859
13220
4721
14971
29629
30661
20590
31647
28734
11962
24939
30015
4787
22944
26926
1805
7064
22622
9207
10189
25381
11403
11815
24410
31577
25484
21911
8690
11798
27644
10627
28843
11176
23122
15522
25407
32109
24765
19816
32528
4305
32338
18605
32620
28279
10603
23161
29455
29119
31047
277
21225
5221
4855
22116
30239
8835
23928
886
1884
27334
16675
4699
24376
16087
30281
4661
26651
22550
10000
16785
28465
29840
26792
13048
1715
16431
20387
8128
23910
24110
9118
23848
12133
9935
30241
10149
13344
27984
8391
14454
11683
25116
28319
22910
32028
25920
29905
27475
24727
23837
24197
4499
15885
25955
12288
31095
8093
27198
17680
28328
17689
970
3755
12891
28356
9677
21459
18577
17754
30629
31164
12222
849
26751
5938
13977
17247
21450
22324
25636
6204
18924
28388
9747
20905
20787
10917
14675
4785
13070
22139
220
7471
10620
1461
16084
30351
197
32211
25551
18906
362
18594
26743
10989
13911
12709
25934
7946
25438
12984
23759
3729
16361
5111
27579
1039
18917
17117
21426
23671
17671
9384
5121
19631
14893
26628
1211
24656
2849
6634
10251
21928
28294
447
9672
31488
26636
2241
9547
28963
4326
12455
31100
30494
17533
23941
21296
9030
1382
30448
28095
11640
11922
9318
27070
11941
17606
10468
19001
31117
31816
8671
18410
28874
18145
11612
28380
32273
32262
15182
14900
3765
32068
3652
8789
14700
16655
12119
20770
29013
23961
22825
28832
27195
25109
7797
18367
4629
31785
20376
6518
17357
28577
25468
31252
5962
13927
26560
3798
29351
23724
15379
27571
16581
28008
7393
896
28930
779
16688
24114
9287
20585
4043
2430
11081
13817
12194
30633
14856
14148
30570
16537
29851
25751
137
31026
14638
3324
24885
5344
19277
19560
20954
1392
17501
18998
16828
3365
28010
15316
7903
30472
26147
32701
21793
10624
15656
25767
18612
18210
23942
28925
20388
20938
30076
16015
28363
1003
14978
16009
24065
21539
11913
31136
5993
22290
19076
8341
30238
29549
12839
213
10279
7246
21743
12668
30583
1488
8290
3205
11891
2005
10136
18492
7047
9010
25595
17650
30732
23783
29513
25333
13933
25543
30436
29888
31625
13380
30786
8558
18265
11904
30407
19317
4307
21164
693
20367
22798
6034
2431
12287
31142
3948
14149
32746
12898
20216
4508
9001
14868
19153
12175
13866
22209
7924
13028
12843
16642
29864
26272
8617
22185
31365
9934
31003
24745
8905
30075
26592
28720
7154
24837
13686
5911
14220
8086
32492
32634
13127
1004
26777
9899
6223
12122
6159
16197
9425
9491
2635
32412
29674
8870
6703
22877
22436
25028
19249
29555
6478
10059
11348
18215
5142
17277
26456
18316
24029
26513
20525
538
29250
29805
2221
921
5124
9905
3212
1088
22662
17400
14728
7967
4532
11610
10213
6329
2567
31540
26397
30968
18146
1581
29396
31802
17704
369
29705
8142
25606
2624
8853
19847
29205
20652
23246
27300
4255
15774
15241
19964
24893
14876
24652
24914
12714
31687
2999
29193
6611
31396
22090
29951
16430
29736
13639
16816
14412
8039
28150
2213
12211
30379
18698
2313
23782
14896
6752
18841
25798
4137
28910
22719
10779
26118
762
22526
15222
30447
10888
22161
21295
7070
1565
16207
7642
18244
4503
24018
15024
21991
19331
16086
10886
4057
14965
28649
8412
1664
26317
25147
27423
11866
7331
29904
25163
23101
2558
27114
6848
31715
3399
19355
17997
19879
18431
948
31885
18825
18860
10983
23926
4472
26392
21297
16944
11474
4543
20847
28707
16164
17276
19028
598
7222
21137
1661
31988
23883
16832
20961
16175
23462
24791
27247
18249
13384
20824
16883
31983
14592
17261
5946
30154
29349
32543
10869
26705
6302
3534
4322
16609
8612
6105
27563
3343
20935
19102
1542
12605
27064
23207
7848
7275
23357
30237
24660
28241
9993
15248
19924
17321
18352
2242
9486
7378
19957
13822
32112
4755
4678
4493
9613
19772
8073
12104
1034
29172
15128
24755
32697
31310
11789
26906
13063
10781
13238
16909
28309
6025
12660
1038
20257
31075
7074
18320
27313
12214
11245
4642
22759
15007
19665
9184
6837
4958
24153
14640
9527
7083
14381
5305
5084
5967
3276
25986
17864
25581
4630
23938
27254
25373
4877
3133
16802
19140
20187
20934
4710
20381
18713
32236
7587
24091
28487
28593
4002
21869
14239
18687
13562
30944
7439
2710
30390
2922
7299
11337
25008
18818
5989
1386
15681
13620
16222
6531
29980
26741
28519
7494
23159
25013
5630
18375
107
32435
5296
17384
14238
6549
14560
22036
27933
31800
12743
2612
28816
7620
10170
32212
25995
24196
22699
6828
25663
13814
24050
21831
3417
1822
32590
17402
5420
3871
14117
8732
2568
8716
19476
4975
23022
10747
9125
15329
23401
7259
12892
32633
23984
22920
11510
32396
1052
10909
24304
8752
28853
20874
19020
19698
546
24422
29842
972
10444
17670
1305
9041
5953
20942
6269
29995
20957
5318
28024
14790
24993
21490
20182
31311
11875
3548
24256
14041
17457
14707
10045
17629
2030
14361
5113
29165
7997
11765
14660
16032
4001
13457
3165
17872
22754
7073
28913
9221
3762
11298
16351
29488
13711
8611
11070
11933
26349
19945
9121
4899
141
6832
8857
20382
25393
24009
32380
6558
1139
13172
11109
31329
22513
21224
3452
26623
21422
4399
16504
32484
5044
1587
30818
28548
24828
2073
24475
29771
8085
28884
5663
25554
26618
25079
13836
13144
20421
31427
352
32111
9610
13451
7424
24823
9220
22836
31997
19528
24686
18460
26138
2227
30764
32035
10377
6700
16819
3580
30709
18240
1191
4556
1222
23886
32063
9974
15009
1268
12019
2866
18476
15048
19023
31201
21532
16455
10789
17565
873
6418
11243
23062
13535
26711
26466
12057
5594
17038
2422
15857
29781
18279
22119
4082
29206
6141
5927
1361
32089
32091
30211
20283
12905
21262
3717
20511
2751
2620
13464
22092
32073
22724
14061
25792
29648
26809
8350
32318
14820
7187
15890
9889
18626
14500
26911
3697
5282
4174
24694
7348
16195
31090
11837
19203
21404
11179
25078
2028
28407
21693
8615
4966
31519
31177
22076
2499
24052
30914
30504
4281
16936
15907
14667
23220
23876
738
9496
29808
22251
9888
22518
4291
13668
31268
29928
18108
29523
3591
2154
30193
8903
22962
25498
17684
16762
20101
12959
28360
8788
11096
21063
20659
4144
9255
10475
28885
3552
12808
1690
27928
22394
8033
20592
2344
2244
9305
31565
20100
3345
10124
6569
29398
15416
30467
186
30848
18655
3427
18654
15735
25590
14180
11590
27732
